5 5 1
   67.39280185386471                    0
   1.058437063718676                    0
     4.1042134052944                    0
   12.26688090538945                    0
  -0.467418753100949                    0
-0.01949987279209734                    0
  -100.5757631931504                    0
   100.5741025550567                    0
    1.96354442435253                    0
0.0003685225368316754                    0
-0.01561673140335568                    0
  -7.416448258725217                    0
   7.429793058425786                    0
  0.4405887558329611                    0
-0.0004096438856503133                    0
   87.22255968239219                    0
  -1.772986777038577                    0
   -1.95527356714033                    0
   15.33314533971846                    0
  0.3788782387961313                    0
  -44.21805193534856                    0
 -0.8015232517409984                    0
 -0.9553987681973043                    0
   8.369699364381084                    0
-0.05555049803917333                    0
   9.311933453278337                    0
   1.700043120124493                    0
  -138.0713526170816                    0
  -16.32138836870034                    0
  -5.676463410447572                    0
   8.005352649247291                    0
