8 5 1
-0.0003350214388010106                    0
 0.04406219227746805                    0
-6.05327033787732e-05                    0
-0.04272988397007603                    0
0.0001704538529507535                    0
 -0.2790172233446972                    0
-0.02053941983814451                    0
8.135084631957539e-05                    0
-0.0002087648270513371                    0
 0.07642577696178095                    0
2.94276627321534e-06                    0
-0.07386694290220645                    0
0.000348302429948838                    0
 -0.7388215255014756                    0
-0.01916494485498304                    0
0.0003449147707669625                    0
-0.0002879293561461761                    0
 0.08846625800932725                    0
-1.051862726768567e-06                    0
-0.09068315343349581                    0
-0.0003700967720137007                    0
   0.740473691449843                    0
 0.01639912307533203                    0
-0.0003651616145136897                    0
9.590892459827136e-05                    0
-0.01376556248481394                    0
-5.972969355246156e-05                    0
 0.01444939228501697                    0
0.0001706804024647797                    0
 -0.2610555204169128                    0
-0.04560266998351577                    0
0.0001065607687268595                    0
0.0007213761718761068                    0
-0.09865447003472221                    0
-6.438554065310367e-05                    0
  0.1007380446860269                    0
0.0001674264987755802                    0
 -0.2747121489289592                    0
 0.02404280805612756                    0
3.160680950319451e-05                    0
   1.340667449431731                    0
   2617.457058127147                    0
  -845.8607823097653                    0
  -768.8723454479419                    0
  -1609.158120492678                    0
  -962.8263588324118                    0
