5 10 3
-0.005448861739345982                    0
-0.0006866662883221062                    0
 -0.8508927236062042                    0
 0.01422208181509142                    0
0.0001075455719394579                    0
0.004851709550381928                    0
0.001074097831015122                    0
   0.798437858201702                    0
0.005063270204039329                    0
-4.217572106110309e-05                    0
 0.03809085887081867                    0
-0.0004782343726101033                    0
 0.01960368528082085                    0
-0.006709569707694494                    0
1.877584449058115e-05                    0
-0.01111459279796204                    0
0.0007246258391895071                    0
-0.04195148528092157                    0
 0.01340340341867046                    0
-3.061013851400932e-05                    0
-0.004522317880495438                    0
0.006828588330549659                    0
  -1.374998644203914                    0
-0.07727950210259292                    0
-2.879650795292987e-05                    0
-0.00368644030733365                    0
0.001208095983654652                    0
 -0.4610320041217321                    0
0.004431161032116695                    0
-0.0001042314863793942                    0
 0.01456946723746987                    0
-0.0003454582514396246                    0
 -0.6499473668763597                    0
-0.07478168082793551                    0
-3.409308271405018e-05                    0
0.004107061969333005                    0
-0.007706513210873541                    0
   1.387796894177167                    0
 0.07949288467474019                    0
7.722159435477639e-05                    0
-0.01543953875294273                    0
0.000748481334278755                    0
  0.2668235013729994                    0
  0.0538685680252655                    0
2.53048831524354e-05                    0
  -2.651018219221119                    0
-0.01164805731375557                    0
  -3.698644380958432                    0
  -0.172286827556669                    0
-0.0005797297564834616                    0
  0.9492814803763524                    0
  -3.185969105437701                    0
  -3.408061328228252                    0
  -30.22339714087636                    0
   -21.7450215770822                    0
   1.495663492304522                    0
 0.05174722290101262                    0
 -0.2518386992575228                    0
   1.299309759909798                    0
   2.973260179545269                    0
-0.007365575797936036                    0
  -9.964052124912781                    0
  -6.396765380094144                    0
   -10.8286702237539                    0
   329.0066644025822                    0
   223.6499366501791                    0
  -3.479161396176626                    0
  -8.519362384632787                    0
  0.4405240167102954                    0
  -2.780699066248315                    0
    6.97639619295675                    0
-0.01094024012602065                    0
   12.49841204484102                    0
   -301.390781711995                    0
  -530.7778540963513                    0
  -252.9823496588959                    0
   444.0168186154997                    0
  -107.8361119885571                    0
  -302.3754383569262                    0
  -125.7289084628402                    0
  -80.75239962146379                    0
  -191.9355676052821                    0
 -0.6010185607038614                    0
