5 5 1
0.001110620353854358                    0
   1234.195781343992                    0
  -1235.687250954242                    0
  -24.69306763202306                    0
-0.004376192673220379                    0
-0.009195843062453263                    0
  -37.99767519703192                    0
   37.68324506127045                    0
  0.7587368133680477                    0
4.286290775836516e-05                    0
 0.04098012662664047                    0
   7.900439874765748                    0
  -7.840994459614894                    0
 -0.1575810526099509                    0
-8.470397270923229e-06                    0
   5.522826901566611                    0
   327.2251962640705                    0
  -330.0885320190304                    0
  -6.561215220906664                    0
0.0004894029271123525                    0
  -5.439644017365574                    0
   338.1821441891234                    0
  -341.1438526841142                    0
   -6.77803088543384                    0
0.0001682684024997772                    0
   933.9935253935345                    0
  -19.22402532507353                    0
  -2527.936397049331                    0
  -12592.18035557723                    0
   -1262.15739562519                    0
  -820.3654128963204                    0
