8 10 3
-0.001265272069067712                    0
0.0006802774985912484                    0
0.0003936649076938273                    0
-0.0008880222011695789                    0
1.375892998924003e-05                    0
 0.03238254999471199                    0
0.008788249118758439                    0
-9.368113809493928e-06                    0
-0.02354101931169729                    0
-7.464427820373049e-05                    0
-0.002022460693189678                    0
-0.0001169469088602579                    0
-1.395663109458214e-06                    0
-0.003086518111763997                    0
-0.0009262967912502992                    0
1.51330110106024e-06                    0
-9.910266224529659e-05                    0
0.001854756969328873                    0
1.884284138530854e-06                    0
-0.0003609856522354107                    0
0.0002834796121136965                    0
  -1.012381440863258                    0
-0.04749438864936908                    0
0.0001419756717658885                    0
4.893129069172201e-05                    0
-0.001523045114464647                    0
2.170850733748097e-05                    0
0.0001556647382397271                    0
0.0001370086957482152                    0
 -0.9008273084517433                    0
-0.02726524817052031                    0
6.036898085319587e-05                    0
-0.003125247627514421                    0
0.0007301904135377007                    0
-0.0001845334699283131                    0
0.007186987322032277                    0
1.489863795325146e-05                    0
 0.03478966392233299                    0
 0.00936011309304103                    0
-8.730680715594687e-06                    0
-0.0004032568613269865                    0
0.0007514713009982892                    0
4.53127873943127e-05                    0
0.0001600953570902431                    0
0.0002764367419747652                    0
  0.2498793048414195                    0
 0.08444633145060486                    0
0.0002855687180664235                    0
   5.284312540026922                    0
0.004251409466112543                    0
0.003862580132523683                    0
 -0.2837738008491103                    0
-0.001920523269926072                    0
  -2.265793151824567                    0
  0.5905504481164454                    0
-0.005262928230346532                    0
0.0002894866962444974                    0
-0.001457845911499091                    0
-7.037958858838433e-05                    0
0.0003163097508199175                    0
0.0001884996740016447                    0
 -0.5320834395326989                    0
 0.01799719949905752                    0
2.338251344131336e-05                    0
0.0002115315622168293                    0
  0.0015580379091256                    0
-0.0001478913688827015                    0
-0.001321547240156825                    0
-7.289863632136373e-05                    0
 -0.4641199182527965                    0
-0.006321394579412404                    0
-0.0005601137806233358                    0
-0.00457687018530138                    0
-0.001650171952453368                    0
-0.000159370288282921                    0
-0.001924760574453196                    0
0.003321765524500297                    0
   1.063960715104065                    0
 -0.2139637435269273                    0
  0.0029477049173452                    0
  -11.88585781857886                    0
  -43.59340719809034                    0
  -502.2098813642839                    0
  0.1450396384920578                    0
-0.03867069456590205                    0
  -10.85622134872876                    0
  0.2854797012966981                    0
-0.02083251625227839                    0
 -0.1817998666765613                    0
 -0.3903077882144857                    0
-0.007807623102466256                    0
 -0.4299923236413263                    0
  -124.4280291246033                    0
  -35.41482508363974                    0
   1.533896459504992                    0
  -1.997172352053046                    0
   123.7190140382237                    0
  -1.401659873164214                    0
 -0.1760499802212884                    0
   1.338103602082406                    0
 -0.8364139054485641                    0
-0.05776075533294615                    0
   5.528853762708475                    0
   633.3864249678268                    0
   115.7114558642689                    0
   86.82767727070926                    0
  -117.0754577303027                    0
   70.99315565897504                    0
  -96.70652221315554                    0
  -1.836936173641507                    0
   93.50061258095772                    0
  -70.20162223277305                    0
  -3.588010271341946                    0
